9
]
Climate data for New Delhi (Ayanagar) 1971–2020, extremes 1967–present
Month
Jan
Feb
Mar
Apr
May
Jun
Jul
Aug
Sep
Oct
Nov
Dec
Year
Record high °C (°F)
29.7
(85.5)
33.2
(91.8)
40.6
(105.1)
45.0
(113.0)
47.6
(117.7)
47.0
(116.6)
44.8
(112.6)
42.7
(108.9)
41.0
(105.8)
39.4
(102.9)
36.4
(97.5)
30.2
(86.4)
47.4
(117.3)
Mean maximum °C (°F)
25.2
(77.4)
29.4
(84.9)
36.2
(97.2)
42.8
(109.0)
45.9
(114.6)
45.6
(114.1)
41.5
(106.7)
38.3
(100.9)
37.2
(99.0)
36.2
(97.2)
32.2
(90.0)
27.7
(81.9)
46.2
(115.2)
Mean daily maximum °C (°F)
19.2
(66.6)
24.3
(75.7)
30.7
(87.3)
36.8
(98.2)
41.2
(106.2)
40.5
(104.9)
35.7
(96.3)
34.3
(93.7)
34.2
(93.6)
33.4
(92.1)
28.3
(82.9)
22.2
(72.0)
31.7
(89.1)
Mean daily minimum °C (°F)
7.7
(45.9)
11.0
(51.8)
15.4
(59.7)
21.0
(69.8)
25.5
(77.9)
27.1
(80.8)
26.5
(79.7)
25.8
(78.4)
24.2
(75.6)
19.5
(67.1)
14.2
(57.6)
8.3
(46.9)
18.9
(66.0)
Mean minimum °C (°F)
3.6
(38.5)
6.8
(44.2)
10.5
(50.9)
16.3
(61.3)
19.7
(67.5)
20.6
(69.1)
22.8
(73.0)
23.1
(73.6)
21.5
(70.7)
14.5
(58.1)
9.8
(49.6)
3.2
(37.8)
2.9
(37.2)
Record low °C (°F)
−1.3
(29.7)
0.0
(32.0)
3.8
(38.8)
8.4
(47.1)
13.8
(56.8)
18.0
(64.4)
19.8
(67.6)
21.3
(70.3)
14.0
(57.2)
9.4
(48.9)
3.2
(37.8)
−0.5
(31.1)
−1.3
(29.7)
Average rainfall mm (inches)
18.0
(0.71)
19.8
(0.78)
21.6
(0.85)
10.7
(0.42)
31.1
(1.22)
69.9
(2.75)
182.2
(7.17)
188.4
(7.42)
106.1
(4.18)
13.8
(0.54)
2.1
(0.08)
5.4
(0.21)
669.1
(26.33)
Average rainy days
1.6
1.6
2.1
1.0
2.8
4.5
8.5
8.6
4.7
0.6
0.3
0.4
36.7
Average
relative humidity
(%)
