0
(96.8)
34.5
(94.1)
34.4
(93.9)
33.3
(91.9)
28.3
(82.9)
22.7
(72.9)
31.7
(89.1)
Daily mean °C (°F)
13.3
(55.9)
17.6
(63.7)
23.4
(74.1)
29.8
(85.6)
33.6
(92.5)
33.5
(92.3)
31.2
(88.2)
30.2
(86.4)
29.8
(85.6)
26.6
(79.9)
20.7
(69.3)
14.8
(58.6)
25.4
(77.7)
Mean daily minimum °C (°F)
7.3
(45.1)
10.6
(51.1)
15.4
(59.7)
21.7
(71.1)
26.4
(79.5)
27.9
(82.2)
27.4
(81.3)
26.4
(79.5)
24.9
(76.8)
19.9
(67.8)
13.7
(56.7)
9.0
(48.2)
19.2
(66.6)
Mean minimum °C (°F)
3.6
(38.5)
6.2
(43.2)
9.7
(49.5)
15.3
(59.5)
20.8
(69.4)
22.3
(72.1)
24.1
(75.4)
23.3
(73.9)
21.7
(71.1)
15.6
(60.1)
9.0
(48.2)
4.6
(40.3)
3.3
(37.9)
Record low °C (°F)
−2.2
(28.0)
−1.6
(29.1)
3.4
(38.1)
8.6
(47.5)
14.6
(58.3)
19.8
(67.6)
17.8
(64.0)
20.2
(68.4)
13.6
(56.5)
9.9
(49.8)
2.1
(35.8)
−1.3
(29.7)
−2.2
(28.0)
Average rainfall mm (inches)
18.1
(0.71)
19.3
(0.76)
15.2
(0.60)
13.6
(0.54)
30.2
(1.19)
68.8
(2.71)
205.7
(8.10)
214.2
(8.43)
109.5
(4.31)
12.7
(0.50)
5.5
(0.22)
6.4
(0.25)
719.2
(28.32)
Average rainy days
1.4
1.6
1.4
1.2
2.7
4.0
8.9
9.4
5.0
0.8
0.4
0.4
37.2
Average
relative humidity
(%)
(at 17:30
IST
)
56
48
36
24
25
42
62
67
59
43
44
54
47
Source 1: India Meteorological Department
[
59
]
[
60
]
[
61
]
[
62
]
[
63
]
[
64
]
[
65
]
[
66
]
[
67
]
[
68
]
Source 2: Tokyo Climate Center (mean temperatures 1991–2020)
[
69
]
Climate data for New Delhi (Ayanagar) 1971–2020, extremes 1967–present
Month
Jan
Feb
Mar
Apr
May
Jun
Jul
Aug
Sep
Oct
Nov
Dec
Year
Record high °C (°F)
29.7
(85.5)
33.2
(91.8)
40.6
(105.1)
45.0
(113