9.9
(2.75)
182.2
(7.17)
188.4
(7.42)
106.1
(4.18)
13.8
(0.54)
2.1
(0.08)
5.4
(0.21)
669.1
(26.33)
Average rainy days
1.6
1.6
2.1
1.0
2.8
4.5
8.5
8.6
4.7
0.6
0.3
0.4
36.7
Average
relative humidity
(%)
(at 17:30
IST
)
64
52
40
26
24
37
64
68
63
50
52
58
51
Source: India Meteorological Department
[
70
]
[
71
]
February record high
[
72
]
Climate data for New Delhi (
Delhi Ridge
) 1991–2020, extremes 1971–present
Month
Jan
Feb
Mar
Apr
May
Jun
Jul
Aug
Sep
Oct
Nov
Dec
Year
Record high °C (°F)
27.5
(81.5)
34.2
(93.6)
40.9
(105.6)
45.7
(114.3)
47.5
(117.5)
47.9
(118.2)
42.5
(108.5)
40.4
(104.7)
38.4
(101.1)
38.4
(101.1)
34.2
(93.6)
29.8
(85.6)
47.9
(118.2)
Mean maximum °C (°F)
24.4
(75.9)
29.6
(85.3)
36.4
(97.5)
42.8
(109.0)
45.7
(114.3)
44.8
(112.6)
40.4
(104.7)
37.7
(99.9)
36.8
(98.2)
36.4
(97.5)
32.5
(90.5)
27.2
(81.0)
45.9
(114.6)
Mean daily maximum °C (°F)
19.0
(66.2)
24.4
(75.9)
31.0
(87.8)
37.0
(98.6)
40.7
(105.3)
39.8
(103.6)
35.1
(95.2)
33.9
(93.0)
34.0
(93.2)
33.4
(92.1)
28.0
(82.4)
22.5
(72.5)
31.4
(88.5)
Mean daily minimum °C (°F)
8.7
(47.7)
12.1
(53.8)
16.8
(62.2)
22.0
(71.6)
25.9
(78.6)
27.0
(80.6)
26.1
(79.0)
25.5
(77.9)
24.1
(75.4)
20.3
(68.5)
15.1
(59.2)
9.9
(49.8)
19.2
(66.6)
Mean minimum °C (°F)
5.4
(41.7)
9.0
(48.2)
12.0
(53.6)
17.4
(63.3)
20.7
(69.3)
21.3
(70.3)
22.7
(72.9)
23.2
(73.8)
21.5
(70.7)
17.0
(62.6)
11.5
(52.7)
5.3
(41.5)
4.7
(40.5)
Record low °C (°F)
1.5
(34.7)
7.0
(44.6)
10.2
(50.4)
11.6
(52.9)
14.2
(57.6)
16.7
(62.1)
21.0
(69.8)
21.6
(70.9)
19.0
(66.