
(106.5)
44.3
(111.7)
43.7
(110.7)
40.1
(104.2)
37.4
(99.3)
37.1
(98.8)
36.1
(97.0)
32.2
(90.0)
27.3
(81.1)
44.8
(112.6)
Mean daily maximum °C (°F)
20.1
(68.2)
24.2
(75.6)
29.9
(85.8)
36.5
(97.7)
39.9
(103.8)
39.0
(102.2)
35.6
(96.1)
34.2
(93.6)
34.1
(93.4)
33.0
(91.4)
28.4
(83.1)
22.8
(73.0)
31.4
(88.5)
Daily mean °C (°F)
13.8
(56.8)
17.4
(63.3)
22.7
(72.9)
28.9
(84.0)
32.7
(90.9)
33.3
(91.9)
31.5
(88.7)
30.4
(86.7)
29.5
(85.1)
26.2
(79.2)
20.5
(68.9)
15.6
(60.1)
25.2
(77.4)
Mean daily minimum °C (°F)
7.5
(45.5)
10.6
(51.1)
15.6
(60.1)
21.3
(70.3)
25.8
(78.4)
27.7
(81.9)
27.5
(81.5)
26.7
(80.1)
25.0
(77.0)
19.5
(67.1)
13.0
(55.4)
8.4
(47.1)
18.9
(66.0)
Mean minimum °C (°F)
3.5
(38.3)
6.0
(42.8)
10.7
(51.3)
16.3
(61.3)
20.5
(68.9)
22.2
(72.0)
24.3
(75.7)
23.7
(74.7)
21.9
(71.4)
15.0
(59.0)
8.8
(47.8)
4.5
(40.1)
3.1
(37.6)
Record low °C (°F)
−0.6
(30.9)
1.6
(34.9)
4.4
(39.9)
10.7
(51.3)
15.1
(59.2)
17.6
(63.7)
20.3
(68.5)
20.7
(69.3)
16.1
(61.0)
9.4
(48.9)
3.9
(39.0)
0.0
(32.0)
−0.6
(30.9)
Average rainfall mm (inches)
19.1
(0.75)
21.3
(0.84)
17.4
(0.69)
16.3
(0.64)
30.7
(1.21)
74.1
(2.92)
209.7
(8.26)
233.1
(9.18)
123.5
(4.86)
15.1
(0.59)
6.0
(0.24)
8.1
(0.32)
774.4
(30.5)
Average rainy days
1.7
1.5
1.7
1.0
2.7
4.8
9.7
10.2
5.5
0.8
0.4
0.6
40.6
Average
relative humidity
(%)
(at 17:30
IST
)
57
46
37
25
28
43
63
68
60
47
52
59
49
Average
dew point
°C (°F)
8
(46)
11
(52)
14
(57)
14
(57)
18
(64)
22
(72)
26
(79)
25
(77)
23
(73)
18
(64)
14
(57)
10
(50)
17
(62)
Mean monthly
sunshine 